33.75
38.23
45.79
35.19
42.64
29.66
31.86
38.56
39.82
34.65
38.79
39.97
37.58
32.58
35.15
39.05
31.93
44.09
36.14
36.68
35.61
32.55
42.27
34.07
37.33
32.87
39.17
31.07
34.20
31.95
37.09
41.09
36.06
34.91
29.15
34.23
40.28
38.45
30.04
33.63
38.17
36.84
32.04
33.53
24.28
35.07
35.67
37.89
33.19
35.78
35.57
36.13
27.87
38.89
31.03
35.13
38.50
31.36
32.37
40.20
30.94
32.17
30.13
27.01
30.86
34.33
40.27
36.46
33.93
33.13
37.22
36.43
28.44
28.59
27.72
33.89
34.24
29.13
30.31
27.72
31.02
29.87
36.65
28.87
34.22
34.49
32.10
34.44
35.50
27.43
29.00
34.94
22.96
26.69
31.71
39.04
33.70
37.99
30.97
39.43
33.09
30.44
30.73
33.14
35.11
34.86
34.25
32.56
30.70
29.99
30.18
28.47
37.37
28.13
31.57
32.66
32.97
